Model: LSTM(
  (lstm): LSTM(17, 32, num_layers=3, batch_first=True)
  (fc): Linear(in_features=32, out_features=4, bias=True)
)
{"test_t_0_loss": [0.31156376004219055, 0.30760055780410767], "test_p_loss_t_0": [0.09413130581378937, 0.07899877429008484], "test_T_loss_t_0": [0.13337627053260803, 0.12920527160167694], "test_rh_loss_t_0": [0.23201343417167664, 0.2231932282447815], "test_wv_loss_t_0": [0.5495048761367798, 0.5474990606307983], "test_t_1_loss": [0.3570830523967743, 0.3389820456504822], "test_p_loss_t_1": [0.13995659351348877, 0.13501767814159393], "test_T_loss_t_1": [0.1566692590713501, 0.1446642279624939], "test_rh_loss_t_1": [0.32780924439430237, 0.28726592659950256], "test_wv_loss_t_1": [0.5910162329673767, 0.5744850635528564], "test_t_2_loss": [0.38900819420814514, 0.3692924678325653], "test_p_loss_t_2": [0.18642430007457733, 0.18428008258342743], "test_T_loss_t_2": [0.17627398669719696, 0.15969274938106537], "test_rh_loss_t_2": [0.3913038372993469, 0.3272724747657776], "test_wv_loss_t_2": [0.6090221405029297, 0.6047855019569397], "test_t_3_loss": [0.4164693355560303, 0.3906727731227875], "test_p_loss_t_3": [0.2324649840593338, 0.22933006286621094], "test_T_loss_t_3": [0.1807767152786255, 0.16007475554943085], "test_rh_loss_t_3": [0.4355047345161438, 0.3536339998245239], "test_wv_loss_t_3": [0.6315909624099731, 0.6253381371498108], "test_t_4_loss": [0.4411606192588806, 0.40373721718788147], "test_p_loss_t_4": [0.2737269997596741, 0.27255526185035706], "test_T_loss_t_4": [0.18958836793899536, 0.16750410199165344], "test_rh_loss_t_4": [0.4673853814601898, 0.37080809473991394], "test_wv_loss_t_4": [0.6544700264930725, 0.6291577816009521], "epoch": [0, 0]}
Test loss: [{
  'test_t_0_loss': 0.30760055780410767, 
  'test_t_1_loss': 0.3389820456504822, 
  'test_t_2_loss': 0.3692924678325653, 
  'test_t_3_loss': 0.3906727731227875, 
  'test_t_4_loss': 0.40373721718788147, 
  'test_p_loss_t_0': 0.07899877429008484, 
  'test_T_loss_t_0': 0.12920527160167694, 
  'test_rh_loss_t_0': 0.2231932282447815, 
  'test_wv_loss_t_0': 0.5474990606307983, 
  'test_p_loss_t_1': 0.13501767814159393, 
  'test_T_loss_t_1': 0.1446642279624939, 
  'test_rh_loss_t_1': 0.28726592659950256, 
  'test_wv_loss_t_1': 0.5744850635528564, 
  'test_p_loss_t_2': 0.18428008258342743, 
  'test_T_loss_t_2': 0.15969274938106537, 
  'test_rh_loss_t_2': 0.3272724747657776, 
  'test_wv_loss_t_2': 0.6047855019569397, 
  'test_p_loss_t_3': 0.22933006286621094, 
  'test_T_loss_t_3': 0.16007475554943085, 
  'test_rh_loss_t_3': 0.3536339998245239, 
  'test_wv_loss_t_3': 0.6253381371498108, 
  'test_p_loss_t_4': 0.27255526185035706, 
  'test_T_loss_t_4': 0.16750410199165344, 
  'test_rh_loss_t_4': 0.37080809473991394,
  'test_wv_loss_t_4': 0.6291577816009521}]